$ANSIBLE_VAULT;1.1;AES256
64356531303962346664303438326461646666653861393264653336373063626132366138646634
3630343566633337633462396466386634323230316566300a636464306335343231333033323866
33393039393037356638323336373664623463343034363337326530343731343535326130633736
3132316437616439360a656130616261663563643931366462623462613566303132333035656534
31363138366230313266623561383833393664356264353536353038663039316230326263623236
35313063373031323333376330623130383161386332636139646433376564346564356535353334
37663966666665376235376135656439306436323835366237383031376164373163376233346331
65636239636533396363396634306637613861636566363430653432356265373439653764343934
62643539393135663434313764653830626361383933396432336630366162323362356332623264
37303431666330386438643262363939393937643561383231303037316233376630373633653037
33373364653466353961393534656432333534613566336137383539376563656466666166646634
38643266623138663430643365666338363163383839383734633535626162613562653063656466
31306161353765663636623265366634343938363935313430333431376130393162316665623865
65373566666539613536623730336561393733383435336366386563613932613236663163346563
37623566353031633966363233353863363332623331333034313434623034353066373533646233
31613837316565663662306132376163643865333263326236396635356237343535373736326132
64636265613636663135616561656234316162323139376564353733373938383664636363636337
33656439353862623232396162326231613036636335333530366234383165363739323765383031
61643166316332396631646161303732333633396635363665366437623038336139656462663038
39616637366634346230643065303865613531626139396666343765613963396164636535336161
34636331326436613364363637643834303330346436613639626233373939653931633235666364
30373934316232336335363462303335623161343333373362643630356165613238383437616437
62363630616463363636396538316435306235616563313034336336646532386362393234363030
64343066323862333564663662303339393633646431653934663638353662363364653230363239
38633039383731656264313136386134646637656266373666373135303038396366346638633636
38346561313261363635323736333531613831656664346538343039613639336565333136326332
66393261383630656561643662383531303361656466303335336536653662316466626535363663
63353836313733333964623063343038663031636361656566303362316138626232323836353135
30376565363966323562333432363861643166623164383063613866623431313737353739656366
33303537663337373532633938386132383131663439303463653161623439343733636566383835
62333161343833613861306164616335643036373431623763376231326665653364356238336331
63316564353862303034386233623565316233363763306135636265643761616564656134316432
63613433363434313766393466356536303764333631633731653534323231366465383562643434
36313864336165313262613235343466613665646335643030343530666633653638363135666433
39323336393732323866376531663430313937636430326535353835613835383261656431633435
38663064383236633763633731623536393562306234626661313165613131373836353238393165
39316436356366366330353866356431383863313032633765383834643137656639343362303065
36616137643735633365356631623261303238386461346664656337623830303231393464343061
34343531623564373334346238646564386466393331366337663662316636653230616466333266
37386430613365636163666338346462353138373562353134386562336661303437386234376338
65633763376638323164623538633037623465643032363131373131376564353233303361663463
61346534656133623831353133653865303563636438343933393530376235643462356531623665
61616466393838366566323030663162633662613965323464323536643561303435373032306562
62663030663237383030333030343332356365383363386333613734353538323861383966336333
61306239336663323464613931343033393862373437353663653230346265643637363565343433
33646433613766643238333035363938383438306433613338343930396263633639323139343036
33356535616237343130336438623137326635343230326465626534643234323865393063393835
30366262376161343865646237306365613465306632303230623563396131396564633836636230
62386563663838373965303939646564336664333531393636663934393831306332303532633931
65656132353334616663656331383866353034343264633837363534356333356130663463633137
61356233363365373238363335323730393465623037626639663763366564363539303232663630
66643364613733326563303462303863623232363939316462313233303838396461303963306535
62646437313731393963363637346262396530353965613630393564333262636664643165363133
37366162303635613737373466636237383066636130303964356635336134653730663936633130
30653861386636333564306631643461383734353731326664306239363336366632303866616461
63313664353961653534323666383864373863333639643965303065616436313033613262643136
3663
