$ANSIBLE_VAULT;1.1;AES256
33386630643263393861323338666666303033373033336431393562643232646563376261393162
3266636139326161646163323737636233623436616136310a333234343938303462363838626137
39633733663435353766363331656130333535353464383933653461383534386366666130616564
3562326164323135320a363666663835383662336365346164323634313463626330333862656233
34653934643933353630643936613837306332613834653033383630323139316266303164383232
65313261633661646637356336306335333335313261393832653538363863646533663537373962
34383339656434663437616135636334323834333865363230353935646235306135613939616233
63333966373562663936633836363466386636656465366365656365333966663637613630303066
62313665363532306633633333393235636334663936333665653863633633346537306165393533
62303133633231663961666435313362626164336230613664386164633937303936633037636532
30306565396131343539376234393663376532633664303332656563343530346637613633646263
64386162633233356339353066623432613834633535356331376536363061306434613365373531
30323135376231323031363335613833666637386334366636616436396335353134663762336634
32616236396230643430613266366564373236346535346565346263396662336564633237346561
34343961643532326461336535333039376236393038303730316663313835323365316132376636
62646533396537626234616631663364313764383532353463633965653464313063663233366465
61616639356133363966353238346531666336616630343837376336636562333833613432353132
64613236343636343062363866316232636636393836393061636136613033383264356535313231
36323936656533313332386663663164663930663734666134643863313232356437393365346238
32353835383234393637376335373766636561626662386466306239326563326234653835626233
37383537373863326136616232393535626662346664666338623736356531633566393234373335
65376164363937323037333334626161396363366262353366396233336334356330393936323030
34633839363136646166613162643138323333326231326437353037386634353562363331323031
35386538653938396535373666623239643630383966653130653165623763656434383934663035
62373765636634616436336237636538306238343735633566326330313162373332663532303066
62376365626662366531353430326630346566336635356638323039616366633435323162333266
66333637316332636664343137353863326337383430383338376335653562616463626561323539
39303133646439306130386165333163653362396466643332643835393432666133366166643133
30626161653861353430393835333232303537373039626538636462613065353634383837386364
31303138363531386464396166356431633763393231643335343637363930383466636565626236
33663334613363636164383337353133363062653734373331353837353031343766626633326633
63366165653866363137326230613062393339653037383339303630376261643631666136393664
66376366326565373639663130666166356265643161623561356439383164616163663436303837
35613361623962346133653963663161333638613061616266666263346437643364643762313162
65376237393362366363353765376636386664643662363431366663613533336330336339353666
63653631353934333634316631363038363238393937386639373938623233306361306165343632
37386564636634376462613033373438313337353763613062323162643230613932616238343763
61383535646638633365346332326563316437616264363633383362366534353265663464643466
36353334623630666132316537363735326135333733333431623432313830643632343231383662
32356231323434323761643961313235613139316366383264373064633665386637613838376530
32353833363061393834626536363238373032386264353562663937633639373632656632386536
31656131623432303339653434353039653830646431653066633863343933623963326534376431
32346138656563373835353336643530363063643366393330326266346135656565613335363538
37363438643034313464613732313337313962653431646536323263386135313931306435373434
65643564376537633937333339636666373939376663363436363961323031393937
